$ANSIBLE_VAULT;1.1;AES256
66363663343733303133306537656434643238366233343361323536396263623133373162306361
6262353633393531313336373439633134356636653562370a303464333363313335333361363132
32623062383230623331623161656230643065303438663032386665646332633030646637313332
6466316238333865360a326337326439393166626138313664336361613331356163366139313865
63373561393764613732353231633964633765373037326662653032363237633639626437383762
35353535623036663536616661303432346664336562613663333539623534626435353663333064
66633832396661663161333730636132363435363761653138613366396634643566663838663762
37343536653132646433323932633961313064356531383964363063383937643835393163653661
38633166393033623735363638313235373862363830656131343862643035636534643366306662
39343164373336313936376137613463363265663538383263353161643563613839373664366464
643931666239363536303164303365366162
